11
999999 46 993 385 744 668 56 436 952 855 996 
274 999999 524 211 448 542 795 899 980 565 468 
284 264 999999 512 501 485 22 334 526 430 195 
140 123 504 999999 186 699 384 324 713 220 843 
218 652 344 825 999999 522 658 481 347 467 703 
172 368 586 24 184 999999 771 18 44 745 347 
281 409 865 872 102 438 999999 119 54 421 563 
280 266 480 328 478 882 715 999999 970 548 6 
421 272 882 244 791 316 686 523 999999 695 546 
135 637 237 575 317 855 322 557 468 999999 740 
865 135 543 308 833 628 995 397 133 63 999999 
