12
999999 52 468 342 352 541 903 655 102 109 712 980 
612 999999 709 773 146 701 746 57 487 735 357 460 
777 781 999999 927 383 173 709 395 189 136 620 603 
838 388 738 999999 432 313 634 879 561 748 538 958 
438 585 599 329 999999 304 62 237 852 576 755 226 
188 815 170 354 146 999999 438 229 398 349 153 328 
291 1000 992 319 216 693 999999 872 134 682 699 473 
414 601 123 327 460 652 151 999999 51 610 271 181 
753 725 964 972 433 73 201 258 999999 279 602 932 
154 971 120 111 606 988 800 546 879 999999 867 287 
577 733 523 837 39 92 320 333 970 915 999999 393 
532 933 244 116 227 482 195 295 491 843 843 999999 
