13
999999 65 949 257 38 23 859 92 140 619 880 388 789 
971 999999 421 621 513 970 214 803 534 238 852 305 76 
810 839 999999 116 75 857 443 128 612 801 670 767 445 
912 247 932 999999 480 247 941 925 961 269 438 305 28 
448 46 368 820 999999 823 213 840 23 143 423 104 746 
16 339 200 305 253 999999 580 901 625 131 832 823 282 
184 12 353 333 725 566 999999 443 829 139 572 192 699 
573 461 913 231 604 817 355 999999 375 89 68 706 801 
725 426 388 248 918 89 984 672 999999 563 410 914 370 
334 736 424 926 660 118 884 942 224 999999 899 802 312 
480 607 148 689 938 960 997 494 149 176 999999 42 120 
977 146 223 72 89 666 338 732 563 993 30 999999 424 
204 558 134 979 925 470 913 706 632 65 995 17 999999 
