14
999999 82 902 283 294 74 472 904 519 889 905 649 8 348 
600 999999 264 912 985 42 948 98 788 709 834 379 281 607 
347 901 999999 36 60 383 248 916 196 123 830 179 114 68 
835 104 314 999999 673 662 191 123 939 86 511 578 665 764 
431 168 842 68 999999 135 238 762 612 542 623 268 265 481 
40 699 356 923 222 999999 30 717 693 927 391 376 489 176 
812 91 169 144 721 966 999999 856 960 714 744 618 395 425 
79 343 814 785 913 913 537 999999 946 784 549 184 6 18 
214 710 292 337 800 796 484 48 999999 397 286 873 149 854 
686 144 507 21 384 485 716 648 456 999999 374 250 483 731 
911 150 394 25 639 412 694 632 979 186 999999 717 331 507 
159 829 550 462 679 514 997 45 276 306 775 999999 263 855 
699 951 22 830 187 874 759 619 302 80 375 61 999999 26 
74 699 421 924 498 506 386 29 156 210 840 225 910 999999 
