15
999999 95 382 198 245 556 428 341 822 399 72 58 184 610 248 
739 999999 724 944 199 263 898 669 99 362 674 164 62 290 267 
233 48 999999 375 240 113 764 502 537 394 314 366 171 526 506 
60 665 22 999999 241 910 50 921 563 796 731 412 628 455 168 
463 756 247 211 999999 120 733 335 221 581 291 43 246 62 469 
902 305 741 540 62 999999 10 741 328 918 796 982 256 261 514 
377 812 355 795 469 752 999999 817 483 264 809 554 455 357 361 
402 878 760 154 614 348 790 999999 55 395 830 266 244 66 241 
268 833 718 998 757 251 978 905 999999 107 723 966 160 469 188 
889 549 602 416 110 163 677 571 77 999999 347 513 246 397 549 
504 402 300 54 222 155 967 692 679 283 999999 763 974 339 648 
879 19 269 49 844 234 772 2 978 919 874 999999 659 925 474 
786 881 157 149 553 686 887 295 582 924 559 393 999999 936 654 
327 134 481 611 16 653 595 984 508 164 888 506 824 999999 925 
139 35 225 820 309 357 511 306 709 187 1 680 385 474 999999 
