16
999999 114 337 70 540 911 229 262 10 163 957 907 448 369 486 818 
443 999999 14 435 501 964 623 687 155 985 489 879 72 817 661 296 
627 994 999999 145 984 835 599 982 849 77 809 555 795 905 65 35 
21 469 466 999999 902 907 256 182 649 80 110 421 853 134 607 345 
121 663 671 655 999999 466 432 826 82 507 738 444 320 445 489 938 
196 16 660 813 353 999999 965 556 307 233 158 221 582 503 379 287 
301 221 115 302 943 136 999999 760 229 323 120 76 373 789 712 519 
574 49 803 467 917 337 29 999999 606 888 852 35 112 997 93 632 
104 202 422 298 69 920 660 497 999999 884 576 911 947 967 786 470 
354 374 35 525 359 288 8 725 631 999999 77 799 590 344 163 315 
574 152 389 193 801 265 624 566 708 208 999999 14 327 202 841 731 
27 514 93 189 722 742 977 863 969 855 26 999999 278 840 581 489 
501 638 676 613 764 169 833 122 905 991 430 746 999999 977 731 907 
448 669 175 876 449 261 400 848 869 323 587 8 28 999999 689 218 
389 171 6 655 186 567 553 962 210 973 784 291 573 524 999999 440 
953 502 462 566 327 972 681 794 963 81 766 546 207 397 390 999999 
