17
999999 800 514 243 822 280 638 518 867 931 827 878 689 481 806 108 190 
702 999999 370 480 184 74 645 534 491 670 699 401 316 29 563 226 279 
301 281 999999 347 368 699 329 652 947 246 965 245 479 166 130 87 657 
130 267 510 999999 789 547 428 905 391 403 886 766 851 724 929 467 168 
250 108 771 837 999999 833 424 665 334 625 35 911 201 504 620 730 286 
140 652 306 331 211 999999 10 950 832 225 227 168 331 222 41 934 685 
790 426 881 983 133 17 999999 244 476 973 772 70 589 7 661 910 171 
524 474 610 913 881 197 651 999999 322 590 402 607 4 294 98 630 409 
892 500 588 53 982 886 662 943 999999 495 5 731 870 380 53 822 850 
698 318 707 192 506 527 837 26 983 999999 870 300 874 582 297 737 46 
357 910 20 113 425 67 836 962 695 618 999999 114 90 261 599 569 254 
51 815 96 112 232 745 512 233 924 458 740 999999 967 718 248 16 223 
755 128 52 721 974 15 268 414 168 119 926 522 999999 218 511 371 177 
598 695 499 375 401 541 207 889 762 836 373 333 943 999999 828 614 958 
217 149 308 459 535 919 371 574 753 334 619 729 752 534 999999 32 596 
119 532 440 707 20 339 156 592 145 507 394 45 750 324 788 999999 922 
707 596 626 194 954 172 141 840 376 923 657 558 761 296 1 877 999999 
