18
999999 813 730 157 773 762 329 956 169 440 995 286 865 743 454 583 2 661 
527 999999 60 984 956 36 62 786 553 154 344 683 226 552 217 271 500 849 
727 75 999999 914 529 950 283 932 157 898 482 262 985 795 356 540 252 906 
757 528 151 999999 253 226 732 138 251 184 302 303 533 124 85 624 115 728 
708 937 536 923 999999 673 649 582 835 21 773 837 992 953 764 582 880 732 
863 591 883 342 584 999999 560 735 878 37 437 227 234 514 72 812 79 988 
115 541 547 117 173 816 999999 474 109 492 363 661 20 455 762 785 763 219 
985 676 477 824 184 115 95 999999 144 442 11 185 788 330 999 696 100 614 
313 620 149 498 167 124 614 745 999999 91 924 210 205 407 548 555 724 15 
479 915 37 151 131 558 185 942 302 999999 503 148 997 646 385 374 719 689 
572 819 890 522 214 899 603 847 445 931 999999 943 224 235 641 779 252 617 
191 748 430 386 366 481 946 373 315 169 265 999999 879 79 381 324 150 898 
49 111 111 144 957 367 73 786 975 637 643 238 999999 580 139 31 197 168 
792 763 651 488 929 870 4 383 347 704 273 647 737 999999 440 717 827 273 
606 293 902 273 922 538 445 736 175 308 700 952 171 526 999999 242 182 627 
525 282 540 641 47 595 731 469 523 262 341 850 445 697 701 999999 951 709 
60 85 929 79 799 778 179 194 881 973 899 245 625 80 606 701 999999 583 
6 654 194 61 94 322 156 432 289 961 107 968 986 677 983 252 270 999999 
